image_00000 355 210 377 240
image_00001 353 207 377 239
image_00002 352 208 376 241
image_00003 353 209 379 242
image_00004 351 205 379 243
image_00005 352 208 373 235
image_00006 350 206 373 235
image_00007 349 205 373 232
image_00008 349 206 373 234
image_00009 346 208 374 235
image_00010 347 207 373 234
image_00011 345 207 374 237
image_00012 344 206 375 238
image_00013 345 206 376 238
image_00014 343 206 376 239
image_00015 341 205 376 239
image_00016 342 204 376 239
image_00017 343 203 376 240
image_00018 345 201 377 240
image_00019 345 199 377 241
image_00020 344 197 389 242
image_00021 344 196 392 242
image_00022 343 194 393 243
image_00023 342 195 396 241
image_00024 344 196 394 242
image_00025 343 195 395 242
image_00026 343 195 395 243
image_00027 341 195 394 243
image_00028 342 195 395 243
image_00029 341 195 396 243
image_00030 362 195 395 243
image_00031 365 194 396 244
image_00032 367 194 396 244
image_00033 365 192 396 246
image_00034 366 193 396 246
image_00035 366 194 396 246
image_00036 367 193 407 246
image_00037 367 196 406 246
image_00038 367 197 404 245
image_00039 367 198 404 245
image_00040 364 197 404 247
image_00041 365 197 405 246
image_00042 365 195 404 247
image_00043 363 190 404 246
image_00044 373 190 404 218
image_00045 374 190 404 217
image_00046 374 190 404 218
image_00047 375 190 405 216
image_00048 378 191 404 215
image_00049 377 191 402 214
image_00050 377 191 403 213
image_00051 379 192 403 212
image_00052 383 193 401 210
image_00053 381 191 402 212
image_00054 383 193 401 209
image_00055 383 193 401 209
image_00056 384 193 400 208
image_00057 383 193 398 207
image_00058 383 193 399 207
image_00059 385 192 399 206
image_00060 389 189 398 206
image_00061 387 189 397 205
image_00062 387 193 397 205
image_00063 386 191 396 204
